       1          12           0           0
       2      11.809     1.87037           0
       3     11.3295     3.68116           0
       4     10.5751      5.3883           0
       5     9.56663     6.95056           0
       6      8.3306      8.3306           0
       7     6.89913     9.49584           0
       8     5.30885     10.4192           0
       9     3.60005     11.0798           0
      10     1.81562     11.4634           0
      11 7.07999e-16     11.5625           0
      12    -1.80193     11.3769           0
      13    -3.54597     10.9134           0
      14    -5.18968     10.1853           0
      15     -6.6934     9.21268           0
      16    -8.02124     8.02124           0
      17    -9.14189     6.64197           0
      18    -10.0294     5.11023           0
      19    -10.6637     3.46485           0
      20    -11.0312     1.74718           0
      21     -11.125 1.36242e-15           0
      22    -11.0312    -1.74718           0
      23    -10.6637    -3.46485           0
      24    -10.0294    -5.11023           0
      25    -9.14189    -6.64197           0
      26    -8.02124    -8.02124           0
      27     -6.6934    -9.21268           0
      28    -5.18968    -10.1853           0
      29    -3.54597    -10.9134           0
      30    -1.80193    -11.3769           0
      31  -2.124e-15    -11.5625           0
      32     1.81562    -11.4634           0
      33     3.60005    -11.0798           0
      34     5.30885    -10.4192           0
      35     6.89913    -9.49584           0
      36      8.3306     -8.3306           0
      37     9.56663    -6.95056           0
      38     10.5751     -5.3883           0
      39     11.3295    -3.68116           0
      40      11.809    -1.87037           0
      41     11.8833           0    0.116667
      42     11.6938     1.85212    0.116667
      43     11.2185     3.64511    0.116667
      44     10.4712     5.33533    0.116667
      45     9.47224     6.88199    0.116667
      46     8.24811     8.24811    0.116667
      47     6.83055     9.40145    0.116667
      48     5.25589     10.3153    0.116667
      49       3.564     10.9689    0.116667
      50     1.79737     11.3481    0.116667
      51 7.00855e-16     11.4458    0.116667
      52    -1.78368     11.2617    0.116667
      53    -3.50992     10.8024    0.116667
      54    -5.13671     10.0814    0.116667
      55    -6.62483      9.1183    0.116667
      56    -7.93875     7.93875    0.116667
      57    -9.04751      6.5734    0.116667
      58    -9.92544     5.05727    0.116667
      59    -10.6082     3.44683    0.116667
      60    -11.0601     1.75174    0.116667
      61    -11.2417 1.37671e-15    0.116667
      62    -11.1465    -1.76543    0.116667
      63    -10.7747    -3.50091    0.116667
      64    -10.1333     -5.1632    0.116667
      65    -9.23628    -6.71055    0.116667
      66    -8.10374    -8.10374    0.116667
      67    -6.76198    -9.30707    0.116667
      68    -5.24264    -10.2893    0.116667
      69    -3.58202    -11.0243    0.116667
      70    -1.82018    -11.4922    0.116667
      71-2.14543e-15    -11.6792    0.116667
      72     1.83387    -11.5786    0.116667
      73      3.6361    -11.1908    0.116667
      74     5.36182    -10.5232    0.116667
      75      6.9677    -9.59022    0.116667
      76      8.4131     -8.4131    0.116667
      77     9.66101    -7.01914    0.116667
      78     10.6791    -5.44127    0.116667
      79     11.3849    -3.69919    0.116667
      80     11.7802    -1.86581    0.116667
      81     11.7667           0    0.233333
      82     11.5786     1.83387    0.233333
      83     11.1075     3.60906    0.233333
      84     10.3672     5.28237    0.233333
      85     9.37786     6.81341    0.233333
      86     8.16561     8.16561    0.233333
      87     6.76198     9.30707    0.233333
      88     5.20292     10.2113    0.233333
      89     3.52794     10.8579    0.233333
      90     1.77912     11.2329    0.233333
      91 6.93711e-16     11.3292    0.233333
      92    -1.76543     11.1465    0.233333
      93    -3.47387     10.6915    0.233333
      94    -5.08375     9.97742    0.233333
      95    -6.55625     9.02391    0.233333
      96    -7.87687     7.87687    0.233333
      97    -9.04751      6.5734    0.233333
      98    -10.0034     5.09699    0.233333
      99    -10.7192     3.48288    0.233333
     100    -11.1753     1.76999    0.233333
     101    -11.3583 1.39099e-15    0.233333
     102    -11.2617    -1.78368    0.233333
     103    -10.8856    -3.53696    0.233333
     104    -10.2373    -5.21616    0.233333
     105    -9.33066    -6.77912    0.233333
     106    -8.18623    -8.18623    0.233333
     107    -6.83055    -9.40145    0.233333
     108    -5.29561    -10.3932    0.233333
     109    -3.61807    -11.1353    0.233333
     110    -1.83843    -11.6074    0.233333
     111-2.16686e-15    -11.7958    0.233333
     112     1.85212    -11.6938    0.233333
     113     3.67215    -11.3017    0.233333
     114     5.41478    -10.6271    0.233333
     115     7.03628    -9.68461    0.233333
     116     8.47497    -8.47497    0.233333
     117     9.66101    -7.01914    0.233333
     118     10.6011    -5.40154    0.233333
     119      11.274    -3.66314    0.233333
     120      11.665    -1.84756    0.233333
     121       11.65           0        0.35
     122     11.4634     1.81562        0.35
     123     10.9966     3.57301        0.35
     124     10.2633      5.2294        0.35
     125     9.28347     6.74484        0.35
     126     8.08311     8.08311        0.35
     127      6.6934     9.21268        0.35
     128     5.14995     10.1074        0.35
     129     3.49189     10.7469        0.35
     130     1.76087     11.1177        0.35
     131 6.86568e-16     11.2125        0.35
     132    -1.74718     11.0312        0.35
     133    -3.43781     10.5805        0.35
     134    -5.07051     9.95143        0.35
     135    -6.59054      9.0711        0.35
     136    -7.95937     7.95937        0.35
     137    -9.14189     6.64197        0.35
     138    -10.1074     5.14995        0.35
     139    -10.8302     3.51893        0.35
     140    -11.2905     1.78824        0.35
     141     -11.475 1.40528e-15        0.35
     142    -11.3769    -1.80193        0.35
     143    -10.9966    -3.57301        0.35
     144    -10.3412    -5.26913        0.35
     145    -9.42505     -6.8477        0.35
     146    -8.26873    -8.26873        0.35
     147    -6.89913    -9.49584        0.35
     148    -5.34858    -10.4972        0.35
     149    -3.65413    -11.2462        0.35
     150    -1.85668    -11.7226        0.35
     151-2.18829e-15    -11.9125        0.35
     152     1.87037     -11.809        0.35
     153      3.7082    -11.4127        0.35
     154     5.42802    -10.6531        0.35
     155     7.00199    -9.63741        0.35
     156     8.39247    -8.39247        0.35
     157     9.56663    -6.95056        0.35
     158     10.4972    -5.34858        0.35
     159      11.163    -3.62709        0.35
     160     11.5498    -1.82931        0.35
     161     11.5333           0    0.466667
     162     11.3481     1.79737    0.466667
     163     10.8856     3.53696    0.466667
     164     10.1593     5.17644    0.466667
     165     9.18908     6.67626    0.466667
     166     8.00062     8.00062    0.466667
     167     6.62483      9.1183    0.466667
     168     5.09699     10.0034    0.466667
     169     3.45584      10.636    0.466667
     170     1.74261     11.0024    0.466667
     171 6.82996e-16     11.1542    0.466667
     172    -1.75174     11.0601    0.466667
     173    -3.47387     10.6915    0.466667
     174    -5.12347     10.0554    0.466667
     175    -6.65912     9.16549    0.466667
     176    -8.04187     8.04187    0.466667
     177    -9.23628     6.71055    0.466667
     178    -10.2113     5.20292    0.466667
     179    -10.9411     3.55498    0.466667
     180    -11.4057     1.80649    0.466667
     181    -11.5917 1.41957e-15    0.466667
     182    -11.4922    -1.82018    0.466667
     183    -11.1075    -3.60906    0.466667
     184    -10.4452    -5.32209    0.466667
     185    -9.51943    -6.91627    0.466667
     186    -8.35123    -8.35123    0.466667
     187     -6.9677    -9.59022    0.466667
     188    -5.40154    -10.6011    0.466667
     189    -3.69018    -11.3572    0.466667
     190    -1.87493    -11.8379    0.466667
     191-2.19901e-15    -11.9708    0.466667
     192     1.86581    -11.7802    0.466667
     193     3.67215    -11.3017    0.466667
     194     5.37506    -10.5491    0.466667
     195     6.93342    -9.54303    0.466667
     196     8.30998    -8.30998    0.466667
     197     9.47224    -6.88199    0.466667
     198     10.3932    -5.29561    0.466667
     199     11.0521    -3.59103    0.466667
     200     11.4346    -1.81105    0.466667
     201     11.4167           0    0.583333
     202     11.2329     1.77912    0.583333
     203     10.7747     3.50091    0.583333
     204     10.0554     5.12347    0.583333
     205      9.0947     6.60769    0.583333
     206     7.91812     7.91812    0.583333
     207     6.55625     9.02391    0.583333
     208     5.05727     9.92544    0.583333
     209     3.45584      10.636    0.583333
     210      1.7563     11.0889    0.583333
     211 6.90139e-16     11.2708    0.583333
     212    -1.76999     11.1753    0.583333
     213    -3.50992     10.8024    0.583333
     214    -5.17644     10.1593    0.583333
     215    -6.72769     9.25987    0.583333
     216    -8.12436     8.12436    0.583333
     217    -9.33066     6.77912    0.583333
     218    -10.3153     5.25589    0.583333
     219    -11.0521     3.59103    0.583333
     220     -11.521     1.82474    0.583333
     221    -11.7083 1.43386e-15    0.583333
     222    -11.6074    -1.83843    0.583333
     223    -11.2185    -3.64511    0.583333
     224    -10.5491    -5.37506    0.583333
     225    -9.61382    -6.98485    0.583333
     226    -8.43372    -8.43372    0.583333
     227    -7.03628    -9.68461    0.583333
     228    -5.44127    -10.6791    0.583333
     229    -3.69018    -11.3572    0.583333
     230    -1.86124    -11.7514    0.583333
     231-2.17758e-15    -11.8542    0.583333
     232     1.84756     -11.665    0.583333
     233      3.6361    -11.1908    0.583333
     234     5.32209    -10.4452    0.583333
     235     6.86484    -9.44864    0.583333
     236     8.22748    -8.22748    0.583333
     237     9.37786    -6.81341    0.583333
     238     10.2893    -5.24264    0.583333
     239     10.9411    -3.55498    0.583333
     240     11.3193     -1.7928    0.583333
     241        11.3           0         0.7
     242     11.1177     1.76087         0.7
     243     10.6637     3.46485         0.7
     244     9.95143     5.07051         0.7
     245     9.00031     6.53911         0.7
     246      7.8975      7.8975         0.7
     247     6.59054      9.0711         0.7
     248     5.11023     10.0294         0.7
     249     3.49189     10.7469         0.7
     250     1.77455     11.2041         0.7
     251 6.97283e-16     11.3875         0.7
     252    -1.78824     11.2905         0.7
     253    -3.54597     10.9134         0.7
     254     -5.2294     10.2633         0.7
     255    -6.79627     9.35426         0.7
     256    -8.20686     8.20686         0.7
     257    -9.42505      6.8477         0.7
     258    -10.4192     5.30885         0.7
     259     -11.163     3.62709         0.7
     260    -11.6362     1.84299         0.7
     261     -11.825 1.44814e-15         0.7
     262    -11.7226    -1.85668         0.7
     263    -11.3295    -3.68116         0.7
     264    -10.6531    -5.42802         0.7
     265     -9.7082    -7.05342         0.7
     266    -8.45435    -8.45435         0.7
     267    -7.00199    -9.63741         0.7
     268     -5.3883    -10.5751         0.7
     269    -3.65413    -11.2462         0.7
     270    -1.84299    -11.6362         0.7
     271-2.15614e-15    -11.7375         0.7
     272     1.82931    -11.5498         0.7
     273     3.60005    -11.0798         0.7
     274     5.26913    -10.3412         0.7
     275     6.79627    -9.35426         0.7
     276     8.14499    -8.14499         0.7
     277     9.28347    -6.74484         0.7
     278     10.1853    -5.18968         0.7
     279     10.8302    -3.51893         0.7
     280     11.2041    -1.77455         0.7
     281     11.1833           0    0.816667
     282     11.0024     1.74261    0.816667
     283     10.6082     3.44683    0.816667
     284     9.97742     5.08375    0.816667
     285      9.0947     6.60769    0.816667
     286     7.97999     7.97999    0.816667
     287     6.65912     9.16549    0.816667
     288      5.1632     10.1333    0.816667
     289     3.52794     10.8579    0.816667
     290      1.7928     11.3193    0.816667
     291 7.04427e-16     11.5042    0.816667
     292    -1.80649     11.4057    0.816667
     293    -3.58202     11.0243    0.816667
     294    -5.28237     10.3672    0.816667
     295    -6.86484     9.44864    0.816667
     296    -8.28935     8.28935    0.816667
     297    -9.51943     6.91627    0.816667
     298    -10.5232     5.36182    0.816667
     299     -11.274     3.66314    0.816667
     300    -11.7514     1.86124    0.816667
     301    -11.9417 1.46243e-15    0.816667
     302    -11.8379    -1.87493    0.816667
     303    -11.3849    -3.69919    0.816667
     304    -10.6271    -5.41478    0.816667
     305    -9.61382    -6.98485    0.816667
     306    -8.37185    -8.37185    0.816667
     307    -6.93342    -9.54303    0.816667
     308    -5.33533    -10.4712    0.816667
     309    -3.61807    -11.1353    0.816667
     310    -1.82474     -11.521    0.816667
     311-2.13471e-15    -11.6208    0.816667
     312     1.81105    -11.4346    0.816667
     313       3.564    -10.9689    0.816667
     314     5.21616    -10.2373    0.816667
     315     6.72769    -9.25987    0.816667
     316     8.06249    -8.06249    0.816667
     317     9.18908    -6.67626    0.816667
     318     10.0814    -5.13671    0.816667
     319     10.7192    -3.48288    0.816667
     320     11.0889     -1.7563    0.816667
     321     11.1833           0    0.933333
     322     11.0889      1.7563    0.933333
     323     10.7192     3.48288    0.933333
     324     10.0814     5.13671    0.933333
     325     9.18908     6.67626    0.933333
     326     8.06249     8.06249    0.933333
     327     6.72769     9.25987    0.933333
     328     5.21616     10.2373    0.933333
     329       3.564     10.9689    0.933333
     330     1.81105     11.4346    0.933333
     331 7.11571e-16     11.6208    0.933333
     332    -1.82474      11.521    0.933333
     333    -3.61807     11.1353    0.933333
     334    -5.33533     10.4712    0.933333
     335    -6.93342     9.54303    0.933333
     336    -8.37185     8.37185    0.933333
     337    -9.61382     6.98485    0.933333
     338    -10.6271     5.41478    0.933333
     339    -11.3849     3.69919    0.933333
     340    -11.8379     1.87493    0.933333
     341    -11.9417 1.46243e-15    0.933333
     342    -11.7514    -1.86124    0.933333
     343     -11.274    -3.66314    0.933333
     344    -10.5232    -5.36182    0.933333
     345    -9.51943    -6.91627    0.933333
     346    -8.28935    -8.28935    0.933333
     347    -6.86484    -9.44864    0.933333
     348    -5.28237    -10.3672    0.933333
     349    -3.58202    -11.0243    0.933333
     350    -1.80649    -11.4057    0.933333
     351-2.11328e-15    -11.5042    0.933333
     352      1.7928    -11.3193    0.933333
     353     3.52794    -10.8579    0.933333
     354      5.1632    -10.1333    0.933333
     355     6.65912    -9.16549    0.933333
     356     7.97999    -7.97999    0.933333
     357      9.0947    -6.60769    0.933333
     358     9.97742    -5.08375    0.933333
     359     10.6082    -3.44683    0.933333
     360     11.0024    -1.74261    0.933333
     361        11.3           0        1.05
     362     11.2041     1.77455        1.05
     363     10.8302     3.51893        1.05
     364     10.1853     5.18968        1.05
     365     9.28347     6.74484        1.05
     366     8.14499     8.14499        1.05
     367     6.79627     9.35426        1.05
     368     5.26913     10.3412        1.05
     369     3.60005     11.0798        1.05
     370     1.82931     11.5498        1.05
     371 7.18715e-16     11.7375        1.05
     372    -1.84299     11.6362        1.05
     373    -3.65413     11.2462        1.05
     374     -5.3883     10.5751        1.05
     375    -7.00199     9.63741        1.05
     376    -8.45435     8.45435        1.05
     377     -9.7082     7.05342        1.05
     378    -10.6531     5.42802        1.05
     379    -11.3295     3.68116        1.05
     380    -11.7226     1.85668        1.05
     381     -11.825 1.44814e-15        1.05
     382    -11.6362    -1.84299        1.05
     383     -11.163    -3.62709        1.05
     384    -10.4192    -5.30885        1.05
     385    -9.42505     -6.8477        1.05
     386    -8.20686    -8.20686        1.05
     387    -6.79627    -9.35426        1.05
     388     -5.2294    -10.2633        1.05
     389    -3.54597    -10.9134        1.05
     390    -1.78824    -11.2905        1.05
     391-2.09185e-15    -11.3875        1.05
     392     1.77455    -11.2041        1.05
     393     3.49189    -10.7469        1.05
     394     5.11023    -10.0294        1.05
     395     6.59054     -9.0711        1.05
     396      7.8975     -7.8975        1.05
     397     9.00031    -6.53911        1.05
     398     9.95143    -5.07051        1.05
     399     10.6637    -3.46485        1.05
     400     11.1177    -1.76087        1.05
     401     11.4167           0     1.16667
     402     11.3193      1.7928     1.16667
     403     10.9411     3.55498     1.16667
     404     10.2893     5.24264     1.16667
     405     9.37786     6.81341     1.16667
     406     8.22748     8.22748     1.16667
     407     6.86484     9.44864     1.16667
     408     5.32209     10.4452     1.16667
     409      3.6361     11.1908     1.16667
     410     1.84756      11.665     1.16667
     411 7.25858e-16     11.8542     1.16667
     412    -1.86124     11.7514     1.16667
     413    -3.69018     11.3572     1.16667
     414    -5.44127     10.6791     1.16667
     415    -7.03628     9.68461     1.16667
     416    -8.43372     8.43372     1.16667
     417    -9.61382     6.98485     1.16667
     418    -10.5491     5.37506     1.16667
     419    -11.2185     3.64511     1.16667
     420    -11.6074     1.83843     1.16667
     421    -11.7083 1.43386e-15     1.16667
     422     -11.521    -1.82474     1.16667
     423    -11.0521    -3.59103     1.16667
     424    -10.3153    -5.25589     1.16667
     425    -9.33066    -6.77912     1.16667
     426    -8.12436    -8.12436     1.16667
     427    -6.72769    -9.25987     1.16667
     428    -5.17644    -10.1593     1.16667
     429    -3.50992    -10.8024     1.16667
     430    -1.76999    -11.1753     1.16667
     431-2.07042e-15    -11.2708     1.16667
     432      1.7563    -11.0889     1.16667
     433     3.45584     -10.636     1.16667
     434     5.05727    -9.92544     1.16667
     435     6.55625    -9.02391     1.16667
     436     7.91812    -7.91812     1.16667
     437      9.0947    -6.60769     1.16667
     438     10.0554    -5.12347     1.16667
     439     10.7747    -3.50091     1.16667
     440     11.2329    -1.77912     1.16667
     441     11.5333           0     1.28333
     442     11.4346     1.81105     1.28333
     443     11.0521     3.59103     1.28333
     444     10.3932     5.29561     1.28333
     445     9.47224     6.88199     1.28333
     446     8.30998     8.30998     1.28333
     447     6.93342     9.54303     1.28333
     448     5.37506     10.5491     1.28333
     449     3.67215     11.3017     1.28333
     450     1.86581     11.7802     1.28333
     451 7.33002e-16     11.9708     1.28333
     452    -1.87493     11.8379     1.28333
     453    -3.69018     11.3572     1.28333
     454    -5.40154     10.6011     1.28333
     455     -6.9677     9.59022     1.28333
     456    -8.35123     8.35123     1.28333
     457    -9.51943     6.91627     1.28333
     458    -10.4452     5.32209     1.28333
     459    -11.1075     3.60906     1.28333
     460    -11.4922     1.82018     1.28333
     461    -11.5917 1.41957e-15     1.28333
     462    -11.4057    -1.80649     1.28333
     463    -10.9411    -3.55498     1.28333
     464    -10.2113    -5.20292     1.28333
     465    -9.23628    -6.71055     1.28333
     466    -8.04187    -8.04187     1.28333
     467    -6.65912    -9.16549     1.28333
     468    -5.12347    -10.0554     1.28333
     469    -3.47387    -10.6915     1.28333
     470    -1.75174    -11.0601     1.28333
     471-2.04899e-15    -11.1542     1.28333
     472     1.74261    -11.0024     1.28333
     473     3.45584     -10.636     1.28333
     474     5.09699    -10.0034     1.28333
     475     6.62483     -9.1183     1.28333
     476     8.00062    -8.00062     1.28333
     477     9.18908    -6.67626     1.28333
     478     10.1593    -5.17644     1.28333
     479     10.8856    -3.53696     1.28333
     480     11.3481    -1.79737     1.28333
     481       11.65           0         1.4
     482     11.5498     1.82931         1.4
     483      11.163     3.62709         1.4
     484     10.4972     5.34858         1.4
     485     9.56663     6.95056         1.4
     486     8.39247     8.39247         1.4
     487     7.00199     9.63741         1.4
     488     5.42802     10.6531         1.4
     489      3.7082     11.4127         1.4
     490     1.87037      11.809         1.4
     491  7.2943e-16     11.9125         1.4
     492    -1.85668     11.7226         1.4
     493    -3.65413     11.2462         1.4
     494    -5.34858     10.4972         1.4
     495    -6.89913     9.49584         1.4
     496    -8.26873     8.26873         1.4
     497    -9.42505      6.8477         1.4
     498    -10.3412     5.26913         1.4
     499    -10.9966     3.57301         1.4
     500    -11.3769     1.80193         1.4
     501     -11.475 1.40528e-15         1.4
     502    -11.2905    -1.78824         1.4
     503    -10.8302    -3.51893         1.4
     504    -10.1074    -5.14995         1.4
     505    -9.14189    -6.64197         1.4
     506    -7.95937    -7.95937         1.4
     507    -6.59054     -9.0711         1.4
     508    -5.07051    -9.95143         1.4
     509    -3.43781    -10.5805         1.4
     510    -1.74718    -11.0312         1.4
     511 -2.0597e-15    -11.2125         1.4
     512     1.76087    -11.1177         1.4
     513     3.49189    -10.7469         1.4
     514     5.14995    -10.1074         1.4
     515      6.6934    -9.21268         1.4
     516     8.08311    -8.08311         1.4
     517     9.28347    -6.74484         1.4
     518     10.2633     -5.2294         1.4
     519     10.9966    -3.57301         1.4
     520     11.4634    -1.81562         1.4
     521     11.7667           0     1.51667
     522      11.665     1.84756     1.51667
     523      11.274     3.66314     1.51667
     524     10.6011     5.40154     1.51667
     525     9.66101     7.01914     1.51667
     526     8.47497     8.47497     1.51667
     527     7.03628     9.68461     1.51667
     528     5.41478     10.6271     1.51667
     529     3.67215     11.3017     1.51667
     530     1.85212     11.6938     1.51667
     531 7.22286e-16     11.7958     1.51667
     532    -1.83843     11.6074     1.51667
     533    -3.61807     11.1353     1.51667
     534    -5.29561     10.3932     1.51667
     535    -6.83055     9.40145     1.51667
     536    -8.18623     8.18623     1.51667
     537    -9.33066     6.77912     1.51667
     538    -10.2373     5.21616     1.51667
     539    -10.8856     3.53696     1.51667
     540    -11.2617     1.78368     1.51667
     541    -11.3583 1.39099e-15     1.51667
     542    -11.1753    -1.76999     1.51667
     543    -10.7192    -3.48288     1.51667
     544    -10.0034    -5.09699     1.51667
     545    -9.04751     -6.5734     1.51667
     546    -7.87687    -7.87687     1.51667
     547    -6.55625    -9.02391     1.51667
     548    -5.08375    -9.97742     1.51667
     549    -3.47387    -10.6915     1.51667
     550    -1.76543    -11.1465     1.51667
     551-2.08113e-15    -11.3292     1.51667
     552     1.77912    -11.2329     1.51667
     553     3.52794    -10.8579     1.51667
     554     5.20292    -10.2113     1.51667
     555     6.76198    -9.30707     1.51667
     556     8.16561    -8.16561     1.51667
     557     9.37786    -6.81341     1.51667
     558     10.3672    -5.28237     1.51667
     559     11.1075    -3.60906     1.51667
     560     11.5786    -1.83387     1.51667
     561     11.8833           0     1.63333
     562     11.7802     1.86581     1.63333
     563     11.3849     3.69919     1.63333
     564     10.6791     5.44127     1.63333
     565     9.66101     7.01914     1.63333
     566      8.4131      8.4131     1.63333
     567      6.9677     9.59022     1.63333
     568     5.36182     10.5232     1.63333
     569      3.6361     11.1908     1.63333
     570     1.83387     11.5786     1.63333
     571 7.15143e-16     11.6792     1.63333
     572    -1.82018     11.4922     1.63333
     573    -3.58202     11.0243     1.63333
     574    -5.24264     10.2893     1.63333
     575    -6.76198     9.30707     1.63333
     576    -8.10374     8.10374     1.63333
     577    -9.23628     6.71055     1.63333
     578    -10.1333      5.1632     1.63333
     579    -10.7747     3.50091     1.63333
     580    -11.1465     1.76543     1.63333
     581    -11.2417 1.37671e-15     1.63333
     582    -11.0601    -1.75174     1.63333
     583    -10.6082    -3.44683     1.63333
     584    -9.92544    -5.05727     1.63333
     585    -9.04751     -6.5734     1.63333
     586    -7.93875    -7.93875     1.63333
     587    -6.62483     -9.1183     1.63333
     588    -5.13671    -10.0814     1.63333
     589    -3.50992    -10.8024     1.63333
     590    -1.78368    -11.2617     1.63333
     591-2.10257e-15    -11.4458     1.63333
     592     1.79737    -11.3481     1.63333
     593       3.564    -10.9689     1.63333
     594     5.25589    -10.3153     1.63333
     595     6.83055    -9.40145     1.63333
     596     8.24811    -8.24811     1.63333
     597     9.47224    -6.88199     1.63333
     598     10.4712    -5.33533     1.63333
     599     11.2185    -3.64511     1.63333
     600     11.6938    -1.85212     1.63333
